0;438.770085073
best genotype:
Point(47, 49, 0)
Point(30, 20, 0)
Point(41, 43, 0)
Point(25, 47, 0)
Point(24, 23, 0)
Point(47, 45, 0)
Point(39, 49, 0)
Point(40, 43, 0)
Point(21, 44, 0)
Point(30, 48, 0)
Point(33, 50, 0)
Point(34, 24, 0)
Point(47, 30, 0)
Point(44, 33, 0)
Point(30, 42, 0)
Point(31, 50, 0)
Point(46, 34, 0)
Point(33, 25, 0)
Point(33, 30, 0)
Point(41, 33, 0)
Point(36, 48, 0)
Point(28, 49, 0)
Point(24, 49, 0)
Point(28, 38, 0)
Point(44, 41, 0)
Point(47, 22, 0)
Point(46, 28, 0)
Point(33, 50, 0)
Point(25, 26, 0)
Point(29, 32, 0)
0;938.787761191
best genotype:
Point(4, 129, 0)
Point(117, 16, 0)
Point(8, 108, 0)
Point(-12, 118, 0)
Point(-19, 111, 0)
Point(-16, 115, 0)
Point(-8, 115, 0)
Point(-1, 118, 0)
Point(-4, 150, 0)
Point(5, 109, 0)
Point(-18, 131, 0)
Point(4, 109, 0)
Point(94, 7, 0)
Point(141, 10, 0)
Point(110, 27, 0)
Point(94, -9, 0)
Point(138, 18, 0)
Point(141, 39, 0)
Point(132, 31, 0)
Point(93, 35, 0)
Point(97, -6, 0)
Point(118, 4, 0)
0;897.92395696
best genotype:
Point(2, 16, 0)
Point(104, 128, 0)
Point(-16, 10, 0)
Point(7, 10, 0)
Point(-15, -3, 0)
Point(16, -1, 0)
Point(2, 26, 0)
Point(-11, 24, 0)
Point(21, 34, 0)
Point(-17, 5, 0)
Point(17, -2, 0)
Point(14, 0, 0)
Point(114, 134, 0)
Point(122, 150, 0)
Point(119, 130, 0)
Point(109, 143, 0)
Point(104, 141, 0)
Point(94, 151, 0)
Point(110, 148, 0)
Point(107, 145, 0)
Point(88, 108, 0)
Point(99, 138, 0)
0;987.486804036
best genotype:
Point(19, 18, 0)
Point(134, 125, 0)
Point(15, 0, 0)
Point(-2, 36, 0)
Point(15, 32, 0)
Point(6, 40, 0)
Point(27, 3, 0)
Point(20, 0, 0)
Point(1, 7, 0)
Point(10, 30, 0)
Point(12, 9, 0)
Point(30, 23, 0)
Point(147, 110, 0)
Point(115, 131, 0)
Point(122, 113, 0)
Point(152, 139, 0)
Point(112, 108, 0)
Point(145, 134, 0)
Point(118, 133, 0)
Point(143, 140, 0)
Point(112, 123, 0)
Point(130, 105, 0)
0;860.413406555
best genotype:
Point(125, 13, 0)
Point(11, 126, 0)
Point(122, -6, 0)
Point(115, 34, 0)
Point(118, 6, 0)
Point(107, 31, 0)
Point(120, -1, 0)
Point(120, 9, 0)
Point(131, -7, 0)
Point(109, 6, 0)
Point(106, 25, 0)
Point(116, 28, 0)
Point(1, 110, 0)
Point(24, 137, 0)
Point(29, 122, 0)
Point(1, 131, 0)
Point(6, 142, 0)
Point(26, 127, 0)
Point(19, 122, 0)
Point(27, 136, 0)
Point(7, 148, 0)
Point(12, 147, 0)
0;947.655933466
best genotype:
Point(1, 128, 0)
Point(114, 9, 0)
Point(-3, 146, 0)
Point(-5, 147, 0)
Point(-10, 150, 0)
Point(8, 152, 0)
Point(-10, 131, 0)
Point(14, 138, 0)
Point(-12, 107, 0)
Point(21, 137, 0)
Point(16, 111, 0)
Point(17, 126, 0)
Point(106, 8, 0)
Point(136, 22, 0)
Point(106, -5, 0)
Point(134, 20, 0)
Point(119, -13, 0)
Point(133, -7, 0)
Point(101, -7, 0)
Point(123, 2, 0)
Point(118, -15, 0)
Point(107, -6, 0)
0;877.375442052
best genotype:
Point(118, 4, 0)
Point(1, 117, 0)
Point(99, 11, 0)
Point(93, -16, 0)
Point(101, 24, 0)
Point(93, 1, 0)
Point(93, -3, 0)
Point(123, -7, 0)
Point(124, -3, 0)
Point(142, 2, 0)
Point(94, 23, 0)
Point(107, 21, 0)
Point(-17, 98, 0)
Point(20, 134, 0)
Point(-6, 121, 0)
Point(-13, 94, 0)
Point(-5, 106, 0)
Point(3, 100, 0)
Point(5, 121, 0)
Point(-22, 113, 0)
Point(2, 105, 0)
Point(3, 104, 0)
0;805.060180094
best genotype:
Point(13, 113, 0)
Point(124, 6, 0)
Point(16, 116, 0)
Point(30, 120, 0)
Point(7, 104, 0)
Point(17, 105, 0)
Point(8, 91, 0)
Point(25, 92, 0)
Point(3, 124, 0)
Point(20, 116, 0)
Point(2, 113, 0)
Point(-9, 114, 0)
Point(108, -15, 0)
Point(113, -3, 0)
Point(111, 11, 0)
Point(106, 15, 0)
Point(136, 12, 0)
Point(136, 16, 0)
Point(142, 25, 0)
Point(125, -1, 0)
Point(138, -13, 0)
Point(116, -15, 0)
0;921.721577127
best genotype:
Point(121, 120, 0)
Point(13, 3, 0)
Point(145, 113, 0)
Point(130, 127, 0)
Point(132, 98, 0)
Point(138, 128, 0)
Point(100, 139, 0)
Point(140, 131, 0)
Point(118, 132, 0)
Point(129, 140, 0)
Point(137, 120, 0)
Point(120, 139, 0)
Point(14, -4, 0)
Point(24, 8, 0)
Point(20, 11, 0)
Point(26, 20, 0)
Point(28, 1, 0)
Point(11, -9, 0)
Point(33, -6, 0)
Point(-6, 6, 0)
Point(-5, -19, 0)
Point(0, -9, 0)
0;978.495632275
100;978.495632275
200;978.495632275
300;978.495632275
400;978.495632275
best genotype:
Point(6, 116, 0)
Point(111, 2, 0)
Point(30, 138, 0)
Point(29, 92, 0)
Point(-11, 110, 0)
Point(27, 94, 0)
Point(0, 125, 0)
Point(15, 102, 0)
Point(7, 111, 0)
Point(9, 118, 0)
Point(5, 125, 0)
Point(25, 104, 0)
Point(116, 14, 0)
Point(128, -20, 0)
Point(92, -16, 0)
Point(103, 14, 0)
Point(116, -23, 0)
Point(111, 25, 0)
Point(107, -12, 0)
Point(102, 8, 0)
Point(122, 1, 0)
Point(132, -2, 0)
0;990.043060655
100;990.043060655
200;990.043060655
300;990.043060655
400;990.043060655
best genotype:
Point(6, 129, 0)
Point(112, 14, 0)
Point(21, 150, 0)
Point(-13, 128, 0)
Point(-14, 142, 0)
Point(-17, 116, 0)
Point(17, 129, 0)
Point(13, 148, 0)
Point(0, 144, 0)
Point(9, 117, 0)
Point(14, 148, 0)
Point(4, 148, 0)
Point(134, 24, 0)
Point(126, 9, 0)
Point(90, 25, 0)
Point(136, -5, 0)
Point(132, 16, 0)
Point(102, 35, 0)
Point(117, 10, 0)
Point(112, 4, 0)
Point(88, 11, 0)
Point(128, 7, 0)
0;931.442218587
100;931.442218587
200;931.442218587
300;931.442218587
400;931.442218587
best genotype:
Point(17, 1, 0)
Point(118, 111, 0)
Point(6, -16, 0)
Point(1, -24, 0)
Point(32, -1, 0)
Point(16, -10, 0)
Point(11, 2, 0)
Point(7, -23, 0)
Point(-8, 5, 0)
Point(25, 10, 0)
Point(-7, -2, 0)
Point(7, 5, 0)
Point(104, 99, 0)
Point(95, 129, 0)
Point(136, 100, 0)
Point(139, 91, 0)
Point(116, 134, 0)
Point(141, 104, 0)
Point(124, 112, 0)
Point(122, 116, 0)
Point(109, 94, 0)
Point(138, 103, 0)
0;1032.81939098
100;1032.81939098
200;1032.81939098
300;1032.81939098
400;1032.81939098
best genotype:
Point(126, 132, 0)
Point(11, 16, 0)
Point(149, 115, 0)
Point(122, 116, 0)
Point(150, 129, 0)
Point(140, 111, 0)
Point(146, 155, 0)
Point(116, 120, 0)
Point(101, 118, 0)
Point(124, 138, 0)
Point(134, 136, 0)
Point(146, 123, 0)
Point(-2, 20, 0)
Point(15, 0, 0)
Point(33, 29, 0)
Point(-8, 34, 0)
Point(3, 24, 0)
Point(34, 35, 0)
Point(26, 8, 0)
Point(-8, 11, 0)
Point(34, 16, 0)
Point(12, 22, 0)
0;894.944201707
100;894.944201707
200;894.944201707
300;894.944201707
400;894.944201707
best genotype:
Point(110, 17, 0)
Point(4, 135, 0)
Point(100, 38, 0)
Point(93, 1, 0)
Point(127, 8, 0)
Point(97, 23, 0)
Point(93, 28, 0)
Point(107, 13, 0)
Point(129, 26, 0)
Point(123, 15, 0)
Point(126, 24, 0)
Point(118, 4, 0)
Point(22, 134, 0)
Point(-12, 138, 0)
Point(7, 147, 0)
Point(22, 151, 0)
Point(-17, 149, 0)
Point(-12, 140, 0)
Point(28, 146, 0)
Point(27, 115, 0)
Point(0, 126, 0)
Point(-11, 115, 0)
0;938.06505329
100;938.06505329
200;938.06505329
300;938.06505329
400;938.06505329
best genotype:
Point(130, 3, 0)
Point(15, 117, 0)
Point(113, 19, 0)
Point(154, 25, 0)
Point(136, 15, 0)
Point(119, 1, 0)
Point(144, 12, 0)
Point(152, 0, 0)
Point(128, -21, 0)
Point(149, 14, 0)
Point(108, -6, 0)
Point(136, -7, 0)
Point(-1, 119, 0)
Point(2, 96, 0)
Point(9, 102, 0)
Point(12, 116, 0)
Point(-2, 117, 0)
Point(14, 122, 0)
Point(29, 111, 0)
Point(7, 126, 0)
Point(-8, 98, 0)
Point(9, 116, 0)
0;905.680510434
100;905.680510434
200;905.680510434
300;905.680510434
400;905.680510434
best genotype:
Point(125, 118, 0)
Point(15, 4, 0)
Point(108, 134, 0)
Point(130, 131, 0)
Point(106, 100, 0)
Point(140, 96, 0)
Point(118, 132, 0)
Point(122, 108, 0)
Point(123, 96, 0)
Point(145, 128, 0)
Point(132, 119, 0)
Point(130, 136, 0)
Point(29, 24, 0)
Point(-6, -9, 0)
Point(9, 13, 0)
Point(18, 24, 0)
Point(19, 23, 0)
Point(-5, 3, 0)
Point(-7, 10, 0)
Point(27, 3, 0)
Point(31, 13, 0)
Point(34, -3, 0)
0;923.591215202
100;923.591215202
200;923.591215202
300;923.591215202
400;923.591215202
best genotype:
Point(17, 15, 0)
Point(119, 119, 0)
Point(10, 13, 0)
Point(30, 12, 0)
Point(-2, 33, 0)
Point(24, 28, 0)
Point(0, 21, 0)
Point(40, -6, 0)
Point(20, 10, 0)
Point(17, 30, 0)
Point(-6, 15, 0)
Point(34, -4, 0)
Point(142, 104, 0)
Point(135, 119, 0)
Point(143, 137, 0)
Point(136, 101, 0)
Point(105, 122, 0)
Point(137, 129, 0)
Point(130, 110, 0)
Point(137, 103, 0)
Point(123, 110, 0)
Point(128, 103, 0)
0;853.692998318
100;853.692998318
200;853.692998318
300;853.692998318
400;853.692998318
best genotype:
Point(9, 112, 0)
Point(113, 10, 0)
Point(-3, 97, 0)
Point(17, 112, 0)
Point(13, 136, 0)
Point(26, 89, 0)
Point(23, 104, 0)
Point(25, 128, 0)
Point(22, 125, 0)
Point(-5, 131, 0)
Point(14, 111, 0)
Point(3, 93, 0)
Point(95, -13, 0)
Point(97, 25, 0)
Point(96, 23, 0)
Point(97, 18, 0)
Point(103, 25, 0)
Point(90, 33, 0)
Point(125, -9, 0)
Point(104, 34, 0)
Point(120, 24, 0)
Point(107, 21, 0)
0;910.539564108
100;910.539564108
200;910.539564108
300;910.539564108
400;910.539564108
best genotype:
Point(129, 11, 0)
Point(13, 124, 0)
Point(140, -1, 0)
Point(133, 26, 0)
Point(128, 18, 0)
Point(104, 34, 0)
Point(106, -4, 0)
Point(107, 3, 0)
Point(122, 20, 0)
Point(124, 5, 0)
Point(151, 8, 0)
Point(117, 31, 0)
Point(19, 99, 0)
Point(11, 122, 0)
Point(14, 105, 0)
Point(34, 141, 0)
Point(12, 116, 0)
Point(-1, 102, 0)
Point(24, 113, 0)
Point(15, 103, 0)
Point(5, 126, 0)
Point(37, 133, 0)
0;1033.03118368
100;1033.03118368
200;1033.03118368
300;1033.03118368
400;1033.03118368
best genotype:
Point(132, 18, 0)
Point(14, 135, 0)
Point(116, 2, 0)
Point(144, -4, 0)
Point(108, -7, 0)
Point(147, -5, 0)
Point(149, 8, 0)
Point(107, 20, 0)
Point(117, 25, 0)
Point(142, 32, 0)
Point(142, 32, 0)
Point(112, -7, 0)
Point(29, 138, 0)
Point(38, 123, 0)
Point(37, 159, 0)
Point(0, 139, 0)
Point(-11, 115, 0)
Point(30, 155, 0)
Point(21, 124, 0)
Point(35, 123, 0)
Point(-1, 143, 0)
Point(17, 139, 0)
0;931.695348813
100;931.695348813
200;931.695348813
300;931.695348813
400;931.695348813
best genotype:
Point(131, 13, 0)
Point(19, 130, 0)
Point(141, 5, 0)
Point(130, 35, 0)
Point(134, 31, 0)
Point(121, 33, 0)
Point(118, 8, 0)
Point(119, 29, 0)
Point(130, 7, 0)
Point(111, 12, 0)
Point(154, 3, 0)
Point(153, -1, 0)
Point(12, 118, 0)
Point(35, 122, 0)
Point(39, 149, 0)
Point(43, 139, 0)
Point(35, 113, 0)
Point(31, 113, 0)
Point(12, 134, 0)
Point(0, 108, 0)
Point(27, 154, 0)
Point(34, 137, 0)
0;858.031937975
100;1461.75232294
200;1484.04850986
300;1493.8061939
400;1495.5859717
best genotype:
Point(108, 20, 0)
Point(3, 110, 0)
Point(113, 6, 0)
Point(112, 24, 0)
Point(100, 12, 0)
Point(108, 26, 0)
Point(105, -14, 0)
Point(124, 27, 0)
Point(25, 119, 0)
Point(25, 119, 0)
Point(131, 7, 0)
Point(4, 129, 0)
Point(124, 15, 0)
Point(-19, 111, 0)
Point(92, -2, 0)
Point(25, 102, 0)
Point(16, 122, 0)
Point(14, 100, 0)
Point(22, 118, 0)
Point(-19, 95, 0)
Point(15, 126, 0)
Point(26, 91, 0)
0;-961.116443904
100;-806.981180859
200;-806.981180859
300;-794.007517182
400;-748.937391036
best genotype:
Point(1, 131, 0)
Point(113, 14, 0)
Point(113, 14, 0)
Point(23, 129, 0)
Point(-18, 143, 0)
Point(-18, 143, 0)
Point(-14, 127, 0)
Point(-14, 127, 0)
Point(14, 115, 0)
Point(14, 115, 0)
Point(5, 128, 0)
Point(5, 128, 0)
Point(130, 7, 0)
Point(136, 15, 0)
Point(120, 18, 0)
Point(115, 19, 0)
Point(114, -10, 0)
Point(118, 8, 0)
Point(118, 8, 0)
Point(120, -7, 0)
Point(120, 21, 0)
Point(102, 32, 0)
0;-1013.40904719
100;-806.770774645
200;-806.770774645
300;-806.770774645
400;-806.770774645
500;-806.770774645
600;-806.770774645
700;-806.770774645
800;-806.770774645
900;-806.770774645
best genotype:
Point(118, 16, 0)
Point(3, 122, 0)
Point(3, 122, 0)
Point(116, -7, 0)
Point(116, -7, 0)
Point(123, -2, 0)
Point(131, 1, 0)
Point(110, 19, 0)
Point(100, 25, 0)
Point(132, -5, 0)
Point(132, -5, 0)
Point(110, 22, 0)
Point(13, 119, 0)
Point(-22, 120, 0)
Point(2, 110, 0)
Point(2, 110, 0)
Point(8, 117, 0)
Point(26, 121, 0)
Point(-21, 139, 0)
Point(-20, 128, 0)
Point(16, 113, 0)
Point(7, 98, 0)
0;-946.457170128
100;-572.487685294
200;-560.030606626
300;-560.030606626
400;-559.589990009
500;-559.589990009
600;-559.589990009
700;-559.589990009
800;-559.589990009
900;-559.589990009
best genotype:
Point(6, 121, 0)
Point(95, 10, 0)
Point(95, 10, 0)
Point(122, 34, 0)
Point(132, 27, 0)
Point(132, 27, 0)
Point(136, 6, 0)
Point(126, -12, 0)
Point(126, -12, 0)
Point(127, -13, 0)
Point(124, 17, 0)
Point(124, 17, 0)
Point(17, 109, 0)
Point(-10, 111, 0)
Point(-10, 111, 0)
Point(-13, 130, 0)
Point(-10, 139, 0)
Point(18, 131, 0)
Point(-8, 110, 0)
Point(-8, 110, 0)
Point(7, 118, 0)
Point(7, 99, 0)
0;-973.217233987
100;-712.022035504
200;-712.022035504
300;-712.022035504
400;-712.022035504
500;-712.022035504
600;-712.022035504
700;-712.022035504
800;-712.022035504
900;-712.022035504
best genotype:
Point(9, 136, 0)
Point(12, 122, 0)
Point(147, 30, 0)
Point(147, 11, 0)
Point(149, 18, 0)
Point(116, 16, 0)
Point(108, 8, 0)
Point(117, 2, 0)
Point(150, -10, 0)
Point(155, -6, 0)
Point(140, 10, 0)
Point(121, 32, 0)
Point(-4, 112, 0)
Point(-13, 144, 0)
Point(7, 140, 0)
Point(34, 107, 0)
Point(21, 112, 0)
Point(33, 120, 0)
Point(33, 120, 0)
Point(-8, 105, 0)
Point(12, 109, 0)
Point(33, 119, 0)
0;-987.743640493
100;-513.585874096
200;-471.764996697
300;-471.764996697
400;-471.764996697
500;-471.764996697
600;-471.764996697
700;-471.764996697
800;-471.764996697
900;-471.764996697
best genotype:
Point(108, 131, 0)
Point(125, 130, 0)
Point(110, 133, 0)
Point(124, 158, 0)
Point(108, 134, 0)
Point(108, 134, 0)
Point(117, 115, 0)
Point(99, 111, 0)
Point(112, 110, 0)
Point(128, 127, 0)
Point(122, 139, 0)
Point(13, 34, 0)
Point(-6, -4, 0)
Point(-15, -1, 0)
Point(-2, -5, 0)
Point(0, -4, 0)
Point(16, 7, 0)
Point(3, 16, 0)
Point(3, 16, 0)
Point(16, 7, 0)
Point(6, 4, 0)
Point(-2, -5, 0)
0;-841.852633244
100;-508.680190037
200;-377.564003881
300;-377.564003881
400;-377.564003881
500;-377.564003881
600;-377.564003881
700;-377.564003881
800;-377.564003881
900;-377.564003881
best genotype:
Point(11, 36, 0)
Point(14, 16, 0)
Point(9, 21, 0)
Point(-10, 27, 0)
Point(0, 15, 0)
Point(13, 10, 0)
Point(14, 16, 0)
Point(-3, 7, 0)
Point(14, 16, 0)
Point(14, 16, 0)
Point(32, 7, 0)
Point(30, 23, 0)
Point(92, 105, 0)
Point(100, 115, 0)
Point(105, 122, 0)
Point(118, 117, 0)
Point(123, 112, 0)
Point(123, 112, 0)
Point(118, 117, 0)
Point(110, 101, 0)
Point(94, 116, 0)
Point(121, 123, 0)
0;-448.582346381
100;-278.211985051
200;-274.449409772
300;-258.834514883
400;-240.909926114
500;-235.16963655
600;-235.16963655
700;-235.16963655
800;-235.16963655
900;-235.16963655
best genotype:
Point(36, 47, 0)
Point(33, 44, 0)
Point(40, 43, 0)
Point(48, 49, 0)
Point(49, 46, 0)
Point(50, 50, 0)
Point(47, 48, 0)
Point(47, 48, 0)
Point(49, 37, 0)
Point(49, 32, 0)
Point(43, 24, 0)
Point(39, 27, 0)
Point(39, 26, 0)
Point(20, 21, 0)
Point(24, 24, 0)
Point(31, 25, 0)
Point(44, 20, 0)
Point(37, 22, 0)
Point(33, 44, 0)
Point(33, 44, 0)
Point(24, 24, 0)
Point(22, 28, 0)
Point(24, 24, 0)
Point(33, 44, 0)
Point(33, 44, 0)
Point(26, 38, 0)
Point(28, 35, 0)
Point(31, 25, 0)
Point(30, 31, 0)
Point(33, 44, 0)
0;-501.058724187
100;-321.474841535
200;-316.333719593
300;-316.333719593
400;-316.333719593
500;-316.333719593
600;-316.333719593
700;-316.333719593
800;-316.333719593
900;-316.333719593
best genotype:
Point(31, 34, 0)
Point(41, 42, 0)
Point(42, 41, 0)
Point(42, 41, 0)
Point(43, 31, 0)
Point(44, 20, 0)
Point(27, 43, 0)
Point(31, 36, 0)
Point(38, 22, 0)
Point(47, 23, 0)
Point(46, 25, 0)
Point(39, 35, 0)
Point(23, 25, 0)
Point(22, 30, 0)
Point(22, 30, 0)
Point(24, 30, 0)
Point(50, 43, 0)
Point(50, 43, 0)
Point(41, 48, 0)
Point(23, 22, 0)
Point(46, 27, 0)
Point(50, 27, 0)
Point(49, 35, 0)
Point(49, 44, 0)
Point(42, 36, 0)
Point(40, 30, 0)
Point(31, 46, 0)
Point(24, 39, 0)
Point(24, 39, 0)
Point(20, 21, 0)
0;-951.822888753
100;-539.901048969
200;-539.901048969
300;-539.901048969
400;-539.901048969
500;-526.025671415
600;-481.620643578
700;-481.620643578
800;-481.620643578
900;-481.620643578
best genotype:
Point(109, 14, 0)
Point(22, 110, 0)
Point(7, 124, 0)
Point(-8, 141, 0)
Point(-8, 141, 0)
Point(2, 125, 0)
Point(5, 123, 0)
Point(5, 123, 0)
Point(4, 105, 0)
Point(4, 105, 0)
Point(-5, 132, 0)
Point(-5, 132, 0)
Point(96, 35, 0)
Point(96, 35, 0)
Point(89, 31, 0)
Point(94, 13, 0)
Point(117, 22, 0)
Point(132, 24, 0)
Point(132, 24, 0)
Point(107, 2, 0)
Point(107, 2, 0)
Point(107, 2, 0)
0;-913.145249614
100;-414.478272249
200;-404.28662806
300;-404.28662806
400;-404.28662806
500;-404.28662806
600;-404.28662806
700;-404.28662806
800;-404.28662806
900;-404.28662806
best genotype:
Point(14, 2, 0)
Point(14, 2, 0)
Point(30, 15, 0)
Point(34, 23, 0)
Point(34, 23, 0)
Point(-11, 10, 0)
Point(7, 0, 0)
Point(7, 0, 0)
Point(0, 24, 0)
Point(21, -19, 0)
Point(21, -19, 0)
Point(37, 19, 0)
Point(141, 98, 0)
Point(141, 98, 0)
Point(119, 91, 0)
Point(119, 91, 0)
Point(119, 91, 0)
Point(114, 110, 0)
Point(124, 107, 0)
Point(132, 102, 0)
Point(132, 102, 0)
Point(132, 102, 0)
0;-863.3687297
100;-367.805926092
200;-341.435308186
300;-341.435308186
400;-341.435308186
500;-341.435308186
600;-341.435308186
700;-341.435308186
800;-341.435308186
900;-341.435308186
best genotype:
Point(7, 14, 0)
Point(7, 14, 0)
Point(13, 34, 0)
Point(13, 34, 0)
Point(1, 25, 0)
Point(1, 25, 0)
Point(-6, 8, 0)
Point(-6, 8, 0)
Point(-5, 10, 0)
Point(-4, 10, 0)
Point(-4, 10, 0)
Point(-4, 10, 0)
Point(103, 103, 0)
Point(131, 132, 0)
Point(131, 132, 0)
Point(128, 148, 0)
Point(128, 148, 0)
Point(122, 143, 0)
Point(122, 143, 0)
Point(109, 100, 0)
Point(108, 103, 0)
Point(92, 128, 0)
0;-982.492644266
100;-357.439843261
200;-357.439843261
300;-357.439843261
400;-357.439843261
500;-357.439843261
600;-357.439843261
700;-357.439843261
800;-357.439843261
900;-357.439843261
best genotype:
Point(130, 112, 0)
Point(130, 112, 0)
Point(137, 130, 0)
Point(137, 130, 0)
Point(150, 121, 0)
Point(150, 121, 0)
Point(139, 123, 0)
Point(139, 123, 0)
Point(139, 123, 0)
Point(119, 97, 0)
Point(119, 97, 0)
Point(1, -10, 0)
Point(1, -10, 0)
Point(19, 4, 0)
Point(19, 4, 0)
Point(33, 30, 0)
Point(33, 30, 0)
Point(32, -4, 0)
Point(32, -4, 0)
Point(2, 9, 0)
Point(2, 9, 0)
Point(2, 9, 0)
0;-695.829967272
100;-232.554112899
200;-229.81254152
300;-229.81254152
400;-229.81254152
500;-229.81254152
600;-229.81254152
700;-229.81254152
800;-229.81254152
900;-229.81254152
best genotype:
Point(6, 5, 0)
Point(6, 5, 0)
Point(2, -12, 0)
Point(2, -12, 0)
Point(2, -12, 0)
Point(13, -13, 0)
Point(13, -13, 0)
Point(13, -13, 0)
Point(13, -13, 0)
Point(3, 9, 0)
Point(3, 9, 0)
Point(3, 9, 0)
Point(3, 9, 0)
Point(119, 127, 0)
Point(119, 127, 0)
Point(119, 127, 0)
Point(119, 127, 0)
Point(117, 124, 0)
Point(117, 124, 0)
Point(117, 124, 0)
Point(110, 120, 0)
Point(110, 120, 0)
0;-1028.73026795
100;-588.484200202
200;-583.3419758
300;-384.579857245
400;-384.579857245
500;-384.579857245
600;-371.818627339
700;-371.818627339
800;-371.818627339
900;-371.818627339
best genotype:
Point(114, 132, 0)
Point(114, 132, 0)
Point(100, 147, 0)
Point(100, 147, 0)
Point(128, 137, 0)
Point(128, 137, 0)
Point(101, 112, 0)
Point(101, 112, 0)
Point(130, 125, 0)
Point(130, 125, 0)
Point(132, 155, 0)
Point(132, 155, 0)
Point(-3, 20, 0)
Point(-3, 20, 0)
Point(-10, 10, 0)
Point(-10, 10, 0)
Point(4, 24, 0)
Point(4, 24, 0)
Point(4, 24, 0)
Point(4, 24, 0)
Point(4, 24, 0)
Point(4, 24, 0)
