0;-1047.67283745
100;-561.4436908
200;-532.108164132
300;-532.108164132
400;-532.108164132
500;-532.108164132
600;-532.108164132
700;-532.108164132
800;-532.108164132
900;-532.108164132
1000;-532.108164132
1100;-498.740099327
1200;-498.740099327
1300;-498.740099327
1400;-498.740099327
1500;-498.740099327
1600;-498.740099327
1700;-498.740099327
1800;-498.605357065
1900;-498.605357065
2000;-498.605357065
2100;-498.605357065
2200;-498.605357065
2300;-498.605357065
2400;-498.605357065
2500;-498.605357065
2600;-498.454207719
2700;-498.454207719
2800;-459.096870411
2900;-459.096870411
3000;-459.096870411
3100;-459.096870411
3200;-459.096870411
3300;-459.096870411
3400;-459.096870411
3500;-459.096870411
3600;-459.096870411
3700;-459.096870411
3800;-459.096870411
3900;-459.096870411
4000;-459.096870411
4100;-459.096870411
4200;-459.096870411
4300;-459.096870411
4400;-459.096870411
4500;-459.096870411
4600;-459.096870411
4700;-459.096870411
4800;-459.096870411
4900;-459.096870411
5000;-459.096870411
5100;-459.096870411
5200;-459.096870411
5300;-459.096870411
5400;-459.096870411
5500;-459.096870411
5600;-459.096870411
5700;-459.096870411
5800;-459.096870411
5900;-459.096870411
6000;-459.096870411
6100;-459.096870411
6200;-459.096870411
6300;-459.096870411
6400;-459.096870411
6500;-459.096870411
6600;-459.096870411
6700;-459.096870411
6800;-459.096870411
6900;-459.096870411
7000;-459.096870411
7100;-459.096870411
7200;-459.096870411
7300;-459.096870411
7400;-459.096870411
7500;-459.096870411
7600;-459.096870411
7700;-459.096870411
7800;-459.096870411
7900;-459.096870411
8000;-459.096870411
8100;-459.096870411
8200;-459.096870411
8300;-459.096870411
8400;-459.096870411
8500;-459.096870411
8600;-459.096870411
8700;-459.096870411
8800;-459.096870411
8900;-459.096870411
9000;-459.096870411
9100;-459.096870411
9200;-459.096870411
9300;-459.096870411
9400;-459.096870411
9500;-459.096870411
9600;-459.096870411
9700;-459.096870411
9800;-459.096870411
9900;-459.096870411
best genotype:
Point(122, 115, 0)
Point(4, 2, 0)
Point(4, 2, 0)
Point(4, 2, 0)
Point(4, 2, 0)
Point(16, 0, 0)
Point(16, 0, 0)
Point(23, -21, 0)
Point(23, -21, 0)
Point(23, -2, 0)
Point(23, -2, 0)
Point(23, -2, 0)
Point(134, 118, 0)
Point(134, 118, 0)
Point(134, 118, 0)
Point(134, 118, 0)
Point(124, 103, 0)
Point(124, 103, 0)
Point(103, 92, 0)
Point(107, 129, 0)
Point(107, 129, 0)
Point(107, 129, 0)
0;-1012.37042315
100;-606.64409793
200;-606.64409793
300;-606.64409793
400;-606.64409793
500;-606.64409793
600;-606.64409793
700;-606.64409793
800;-606.64409793
900;-606.64409793
best genotype:
Point(17, 9, 0)
Point(115, 119, 0)
Point(128, 125, 0)
Point(128, 125, 0)
Point(148, 112, 0)
Point(139, 121, 0)
Point(139, 121, 0)
Point(107, 125, 0)
Point(107, 125, 0)
Point(125, 147, 0)
Point(141, 117, 0)
Point(108, 120, 0)
Point(32, 16, 0)
Point(-4, 0, 0)
Point(-4, 0, 0)
Point(-7, 21, 0)
Point(-7, 21, 0)
Point(-1, 28, 0)
Point(16, 14, 0)
Point(16, 14, 0)
Point(-6, 10, 0)
Point(27, -8, 0)
0;-904.202383396
100;-417.572348773
200;-417.572348773
300;-417.572348773
400;-417.572348773
500;-417.572348773
600;-417.572348773
700;-415.769497352
800;-415.769497352
900;-410.471347282
best genotype:
Point(9, 108, 0)
Point(31, 129, 0)
Point(31, 129, 0)
Point(-5, 99, 0)
Point(-5, 99, 0)
Point(-3, 128, 0)
Point(9, 111, 0)
Point(6, 97, 0)
Point(6, 97, 0)
Point(3, 87, 0)
Point(3, 87, 0)
Point(3, 87, 0)
Point(97, 17, 0)
Point(108, 9, 0)
Point(105, -19, 0)
Point(105, -19, 0)
Point(113, 9, 0)
Point(113, 9, 0)
Point(133, 19, 0)
Point(127, 26, 0)
Point(127, 26, 0)
Point(100, -2, 0)
0;-830.152910651
100;-426.273910311
200;-426.273910311
300;-426.273910311
400;-386.428264267
500;-386.428264267
600;-374.801767867
700;-374.801767867
800;-374.801767867
900;-374.801767867
best genotype:
Point(15, 12, 0)
Point(15, 12, 0)
Point(26, 5, 0)
Point(26, 5, 0)
Point(26, 5, 0)
Point(6, 28, 0)
Point(6, 28, 0)
Point(6, -9, 0)
Point(6, -9, 0)
Point(1, 16, 0)
Point(1, 16, 0)
Point(30, 18, 0)
Point(131, 129, 0)
Point(106, 131, 0)
Point(106, 131, 0)
Point(112, 126, 0)
Point(117, 114, 0)
Point(117, 114, 0)
Point(124, 135, 0)
Point(124, 135, 0)
Point(134, 123, 0)
Point(134, 117, 0)
0;-965.290318597
100;-331.096699166
200;-306.671127212
300;-306.671127212
400;-306.671127212
500;-306.671127212
600;-306.671127212
700;-306.671127212
800;-306.671127212
900;-306.671127212
best genotype:
Point(18, 4, 0)
Point(18, 4, 0)
Point(18, 4, 0)
Point(9, 14, 0)
Point(9, 14, 0)
Point(9, 14, 0)
Point(9, 14, 0)
Point(-5, -2, 0)
Point(-5, -2, 0)
Point(-5, -2, 0)
Point(27, 27, 0)
Point(27, 27, 0)
Point(142, 125, 0)
Point(142, 125, 0)
Point(142, 125, 0)
Point(116, 115, 0)
Point(116, 115, 0)
Point(109, 139, 0)
Point(126, 149, 0)
Point(126, 149, 0)
Point(125, 154, 0)
Point(125, 154, 0)
0;-914.632843699
100;-438.378825705
200;-316.984154028
300;-199.328962702
400;-168.94326768
500;-161.076392631
600;-161.076392631
700;-161.076392631
800;-161.076392631
900;-161.076392631
best genotype:
Point(140, 36, 0)
Point(132, 34, 0)
Point(132, 34, 0)
Point(132, 34, 0)
Point(132, 34, 0)
Point(125, 25, 0)
Point(125, 25, 0)
Point(125, 25, 0)
Point(125, 25, 0)
Point(125, 25, 0)
Point(125, 25, 0)
Point(125, 25, 0)
Point(125, 25, 0)
Point(26, 126, 0)
Point(26, 126, 0)
Point(26, 126, 0)
Point(26, 126, 0)
Point(26, 126, 0)
Point(26, 126, 0)
Point(26, 126, 0)
Point(26, 126, 0)
Point(26, 126, 0)
0;-916.911621936
100;-395.95229829
200;-288.678118918
300;-240.363101679
400;-212.574986031
500;-212.574986031
600;-212.574986031
700;-212.574986031
800;-212.574986031
900;-212.574986031
best genotype:
Point(3, 2, 0)
Point(3, 2, 0)
Point(5, 19, 0)
Point(5, 19, 0)
Point(5, 19, 0)
Point(5, 19, 0)
Point(5, 19, 0)
Point(5, 19, 0)
Point(5, 19, 0)
Point(5, 19, 0)
Point(5, 19, 0)
Point(124, 96, 0)
Point(124, 96, 0)
Point(124, 96, 0)
Point(124, 109, 0)
Point(124, 109, 0)
Point(124, 109, 0)
Point(124, 109, 0)
Point(124, 109, 0)
Point(124, 109, 0)
Point(161, 92, 0)
Point(161, 92, 0)
0;-873.389395659
best genotype:
Point(9, 122, 0)
Point(14, 102, 0)
Point(20, 111, 0)
Point(27, 110, 0)
Point(20, 99, 0)
Point(30, 106, 0)
Point(14, 102, 0)
Point(-2, 100, 0)
Point(2, 101, 0)
Point(-13, 121, 0)
Point(-12, 139, 0)
Point(20, 111, 0)
Point(121, 34, 0)
Point(124, 35, 0)
Point(148, 22, 0)
Point(149, 10, 0)
Point(104, 0, 0)
Point(138, 8, 0)
Point(115, 38, 0)
Point(110, 11, 0)
Point(123, 18, 0)
Point(109, -10, 0)
0;-988.503351648
100;-409.824795236
best genotype:
Point(-11, 131, 0)
Point(5, 135, 0)
Point(19, 128, 0)
Point(3, 105, 0)
Point(3, 117, 0)
Point(0, 111, 0)
Point(2, 109, 0)
Point(3, 117, 0)
Point(2, 109, 0)
Point(3, 105, 0)
Point(-6, 94, 0)
Point(-6, 94, 0)
Point(87, 11, 0)
Point(90, 1, 0)
Point(90, 1, 0)
Point(91, -12, 0)
Point(91, -12, 0)
Point(116, -13, 0)
Point(116, -13, 0)
Point(116, -13, 0)
Point(136, -10, 0)
Point(135, -9, 0)
0;-1083.54890773
best genotype:
Point(14, 19, 0)
Point(1, 30, 0)
Point(1, 30, 0)
Point(8, -1, 0)
Point(10, 17, 0)
Point(22, -2, 0)
Point(-10, 30, 0)
Point(25, -2, 0)
Point(6, -6, 0)
Point(17, 9, 0)
Point(10, 40, 0)
Point(20, 8, 0)
Point(144, 126, 0)
Point(131, 105, 0)
Point(142, 121, 0)
Point(120, 125, 0)
Point(142, 121, 0)
Point(144, 126, 0)
Point(139, 146, 0)
Point(112, 143, 0)
Point(130, 116, 0)
Point(111, 148, 0)
0;-934.250555138
100;-352.88229457
200;-286.967565288
300;-222.432138989
400;-220.911690161
500;-220.911690161
best genotype:
Point(115, 123, 0)
Point(115, 123, 0)
Point(114, 122, 0)
Point(114, 122, 0)
Point(114, 122, 0)
Point(114, 122, 0)
Point(114, 122, 0)
Point(114, 122, 0)
Point(116, 129, 0)
Point(116, 129, 0)
Point(116, 129, 0)
Point(116, 129, 0)
Point(33, 25, 0)
Point(7, 2, 0)
Point(7, 2, 0)
Point(-7, -6, 0)
Point(-7, -6, 0)
Point(-7, -6, 0)
Point(14, 13, 0)
Point(14, 13, 0)
Point(14, 13, 0)
Point(14, 13, 0)
0;-844.941570157
100;-393.689322097
200;-303.823835933
300;-260.765560486
400;-234.536554255
500;-234.488422158
600;-234.488422158
700;-234.488422158
800;-234.488422158
900;-229.965670459
best genotype:
Point(121, 122, 0)
Point(121, 122, 0)
Point(121, 122, 0)
Point(121, 122, 0)
Point(121, 122, 0)
Point(121, 122, 0)
Point(121, 122, 0)
Point(121, 122, 0)
Point(129, 129, 0)
Point(129, 129, 0)
Point(129, 129, 0)
Point(129, 129, 0)
Point(129, 129, 0)
Point(129, 129, 0)
Point(129, 129, 0)
Point(40, 1, 0)
Point(40, 1, 0)
Point(40, 1, 0)
Point(6, -4, 0)
Point(-6, 10, 0)
Point(-6, 10, 0)
Point(-6, 10, 0)
0;-926.244353294
100;-327.463494887
200;-200.068071209
300;-187.3670834
400;-181.04252808
500;-181.04252808
600;-181.04252808
700;-181.04252808
800;-181.04252808
900;-181.04252808
best genotype:
Point(1, 10, 0)
Point(1, 10, 0)
Point(1, 10, 0)
Point(1, 10, 0)
Point(1, 10, 0)
Point(1, 10, 0)
Point(1, 10, 0)
Point(11, 16, 0)
Point(11, 16, 0)
Point(11, 16, 0)
Point(11, 16, 0)
Point(11, 16, 0)
Point(114, 111, 0)
Point(114, 111, 0)
Point(124, 110, 0)
Point(124, 110, 0)
Point(124, 110, 0)
Point(124, 110, 0)
Point(124, 110, 0)
Point(124, 110, 0)
Point(139, 122, 0)
Point(139, 122, 0)
0;-848.021871091
100;-492.02865131
200;-457.392125168
300;-438.024948174
400;-432.675984305
500;-422.316762364
600;-416.900449449
700;-416.900449449
800;-413.93870688
900;-412.887388446
best genotype:
Point(92, 107, 0)
Point(98, 103, 0)
Point(108, 111, 0)
Point(110, 120, 0)
Point(113, 123, 0)
Point(127, 134, 0)
Point(137, 135, 0)
Point(117, 147, 0)
Point(95, 146, 0)
Point(94, 138, 0)
Point(91, 131, 0)
Point(33, 21, 0)
Point(27, 10, 0)
Point(10, 10, 0)
Point(1, 8, 0)
Point(-7, -11, 0)
Point(19, -14, 0)
Point(27, -12, 0)
Point(10, 18, 0)
Point(8, 22, 0)
Point(-12, 23, 0)
Point(-10, 16, 0)
0;-454.542685402
100;-346.713994569
200;-302.597584595
300;-291.94925299
400;-291.94925299
500;-291.94925299
600;-291.94925299
700;-291.94925299
800;-291.94925299
900;-290.750986693
best genotype:
Point(49, 37, 0)
Point(46, 32, 0)
Point(32, 25, 0)
Point(38, 21, 0)
Point(43, 25, 0)
Point(32, 43, 0)
Point(44, 44, 0)
Point(45, 45, 0)
Point(49, 42, 0)
Point(49, 40, 0)
Point(42, 31, 0)
Point(31, 42, 0)
Point(22, 50, 0)
Point(25, 41, 0)
Point(22, 25, 0)
Point(23, 23, 0)
Point(42, 20, 0)
Point(35, 29, 0)
Point(38, 33, 0)
Point(48, 38, 0)
Point(47, 46, 0)
Point(20, 48, 0)
Point(21, 50, 0)
Point(22, 47, 0)
Point(23, 39, 0)
Point(28, 49, 0)
Point(44, 46, 0)
Point(37, 37, 0)
Point(37, 35, 0)
Point(30, 31, 0)
0;-434.579123999
100;-271.504469151
200;-224.982529871
300;-208.072720404
400;-203.995709482
500;-188.544148106
600;-177.303843668
700;-164.04931573
800;-163.455351954
900;-160.632905113
best genotype:
Point(23, 35, 0)
Point(23, 33, 0)
Point(28, 32, 0)
Point(30, 31, 0)
Point(38, 28, 0)
Point(37, 28, 0)
Point(37, 30, 0)
Point(39, 34, 0)
Point(32, 28, 0)
Point(26, 24, 0)
Point(25, 21, 0)
Point(23, 21, 0)
Point(20, 23, 0)
Point(22, 24, 0)
Point(20, 24, 0)
Point(40, 35, 0)
Point(41, 39, 0)
Point(42, 38, 0)
Point(36, 41, 0)
Point(26, 45, 0)
Point(23, 49, 0)
Point(26, 46, 0)
Point(34, 47, 0)
Point(36, 45, 0)
Point(49, 40, 0)
Point(49, 34, 0)
Point(49, 32, 0)
Point(48, 30, 0)
Point(49, 26, 0)
Point(41, 20, 0)
0;-460.364362112
100;-232.866160409
200;-194.388660204
best genotype:
Point(40, 27, 0)
Point(40, 36, 0)
Point(49, 33, 0)
Point(44, 38, 0)
Point(48, 43, 0)
Point(47, 43, 0)
Point(47, 41, 0)
Point(49, 44, 0)
Point(45, 44, 0)
Point(41, 41, 0)
Point(33, 35, 0)
Point(21, 30, 0)
Point(20, 43, 0)
Point(23, 39, 0)
Point(29, 38, 0)
Point(33, 32, 0)
Point(34, 29, 0)
Point(32, 33, 0)
Point(31, 31, 0)
Point(35, 20, 0)
Point(34, 20, 0)
Point(28, 25, 0)
Point(24, 31, 0)
Point(22, 33, 0)
Point(20, 29, 0)
Point(24, 27, 0)
Point(22, 26, 0)
Point(27, 20, 0)
Point(32, 29, 0)
Point(29, 33, 0)
0;-940.326505245
100;-635.574455494
200;-635.574455494
300;-634.950460855
400;-634.950460855
500;-634.950460855
600;-634.950460855
700;-634.55378634
800;-634.55378634
900;-634.55378634
best genotype:
Point(14, 16, 0)
Point(133, 134, 0)
Point(120, 156, 0)
Point(114, 155, 0)
Point(110, 139, 0)
Point(119, 110, 0)
Point(150, 134, 0)
Point(150, 145, 0)
Point(154, 152, 0)
Point(157, 129, 0)
Point(155, 128, 0)
Point(125, 124, 0)
Point(15, 37, 0)
Point(18, 27, 0)
Point(13, 23, 0)
Point(22, 0, 0)
Point(-3, 26, 0)
Point(-3, 27, 0)
Point(7, 32, 0)
Point(15, 19, 0)
Point(30, 31, 0)
Point(24, 39, 0)
0;-1006.33435179
100;-585.368448885
200;-553.193414288
300;-553.193414288
400;-536.732848453
500;-536.732848453
600;-536.732848453
700;-536.732848453
800;-536.732848453
900;-536.732848453
best genotype:
Point(112, 11, 0)
Point(15, 98, 0)
Point(4, 114, 0)
Point(-6, 106, 0)
Point(-8, 112, 0)
Point(-18, 130, 0)
Point(-4, 124, 0)
Point(24, 129, 0)
Point(27, 123, 0)
Point(27, 116, 0)
Point(12, 98, 0)
Point(21, 91, 0)
Point(99, 22, 0)
Point(114, 15, 0)
Point(113, -4, 0)
Point(92, -12, 0)
Point(88, -13, 0)
Point(98, 4, 0)
Point(89, 23, 0)
Point(108, 14, 0)
Point(126, 31, 0)
Point(127, 33, 0)
0;-994.34977659
100;-685.564244887
200;-685.564244887
300;-685.564244887
400;-685.564244887
500;-685.564244887
600;-685.1923073
700;-685.1923073
800;-685.1923073
900;-685.1923073
best genotype:
Point(13, 131, 0)
Point(105, 18, 0)
Point(113, 14, 0)
Point(109, -3, 0)
Point(137, 7, 0)
Point(128, 21, 0)
Point(137, 30, 0)
Point(97, 37, 0)
Point(88, 24, 0)
Point(95, 3, 0)
Point(134, 3, 0)
Point(100, 21, 0)
Point(8, 113, 0)
Point(7, 143, 0)
Point(27, 140, 0)
Point(31, 151, 0)
Point(24, 151, 0)
Point(-5, 149, 0)
Point(2, 138, 0)
Point(11, 106, 0)
Point(18, 112, 0)
Point(31, 106, 0)
0;-737.101137237
100;-545.483662902
200;-544.402108198
300;-512.852286972
